id, miliseconds
hello, 1611910435903
this, 1611910435904